1997
59.715088
62.692954
62.692954
61.843628

1998
59.019198
61.236225
61.236225
60.500472

1999
61.814440
59.779496
59.779496
59.157315

2000
57.257024
58.322767
58.322767
57.814159

2001
54.310352
56.866038
56.866038
56.471002

2002
49.404702
55.409308
55.409308
55.127846

2003
54.823276
53.952579
53.952579
53.784689

2004
52.182026
52.495850
52.495850
52.441533

2005
53.620065
51.039121
51.039121
51.098376

2006
54.206226
49.582392
49.582392
49.75522

2007
52.735541
48.125663  
48.125663  
48.412063

2008
49.876530
46.668934
46.668934
47.068907

2009
45.799151
45.212205
45.212205
45.725750

2010
46.227337
43.755476
43.755476
44.382594

2011
41.165709
42.298746
42.298746
43.039437

2012
41.440285
40.842017
40.842017
41.696281

2013
38.883880
39.385288
39.385288
40.353124

2014
38.360041
37.928559
37.928559
39.009968

2015
36.540089
36.471830
36.471830
37.666811

2016
37.647956
35.015101
35.015101
36.323655

2017
33.677346
33.558372
33.558372
34.980498

2018
32.799774
32.101643
32.101643
33.637342

2019
31.078820
30.644914
30.644914
32.294185

2020
22.925544
29.188184
29.188184
24.531708

2021
24.794716
27.731455
27.731455
23.188552